8.5 -4.5
8.5 -4.5
8.5 -4.5
8.5 -4.5
8.5 -4.5
8.5 -4.5
8.5 -4.5
8.5 -4.5
8.5 -4.5
8.5 -4.5
8.5 -4.5
8.5 -4.5
8.5 -4.5
8.5 -4.5
8.5 -4.5
8.5 -4.5
8.5 -4.5
8.5 -4.5
8.5 -4.5
8.5 -4.5
8.5 -4.5
8.5 -4.5
8.5 -4.5
8.5 -4.5
8.5 -4.5
8.5 -4.5
8.5 -4.5
8.5 -4.5
8.5 -4.5
8.5 -4.5
8.5 -4.5
8.5 -4.5
8.5 -4.5
8.5 -4.5
8.5 -4.5
8.5 -4.5
8.5 -4.5
8.5 -4.5
8.5 -4.5
8.5 -4.5
8.5 -4.5
8.5 -4.5
8.5 -4.5
8.5 -4.5
8.5 -4.5
8.5 -4.5
8.5 -4.5
8.5 -4.5
8.5 -4.5
8.5 -4.5
1.5 1.5
1.5 1.5
1.5 1.5
1.5 1.5
1.5 1.5
1.5 1.5
1.5 1.5
1.5 1.5
1.5 1.5
1.5 1.5
0.25 0.25
0.25 0.25
0.25 0.25
0.25 0.25
0.25 0.25
0.25 0.25
0.25 0.25
0.25 0.25
0.25 0.25
0.25 0.25
5.5 1.5
5.5 1.5
5.5 1.5
5.5 1.5
5.5 1.5
5.5 1.5
5.5 1.5
5.5 1.5
5.5 1.5
5.5 1.5
0.0 -1.0
0.0 -1.0
0.0 -1.0
0.0 -1.0
0.0 -1.0
0.0 -1.0
0.0 -1.0
0.0 -1.0
0.0 -1.0
0.0 -1.0
3.1 1.1
3.1 1.1
3.1 1.1
3.1 1.1
3.1 1.1
3.1 1.1
3.1 1.1
3.1 1.1
3.1 1.1
3.1 1.1
